40

0
0 0 -7
0 90 0
11 1 2
4

1
-7 0 6
0 180 0
2 1 1
4

1
7 0 6
0 0 0
2 1 1
4

0
0 0 7
0 90 0
11 1 2
4

1
7 0 6
0 180 0
2 1 1
4

1
-7 0 6
0 0 0
2 1 1
4

0
14 -2 0
0 90 0
15 5 30
4

0
14 -2 0
0 -90 0
15 5 30
4

0
0 -4 0
0 90 0
125 1 75
6

0
17 0.55 0
0 90 0
9 0.1 20
3

0
17 0.55 0
0 -90 0
9 0.1 20
3

2
-6.5 2.5 17
0 0 0
7 9 7
6

2
6.5 2.5 17
0 0 0
7 9 7
6

3
-4 2 12
0 0 0
3 3 3
3

3
-8 2 12
0 0 0
3 3 3
3

3
4 2 12
0 0 0
3 3 3
3

3
8 2 12
0 0 0
3 3 3
3

3
0 2 12
0 0 0
3 3 3
3

3
0 2 16
0 0 0
3 3 3
3

3
0 2 20
0 0 0
3 3 3
3

4
-15 6 3.5
-90 0 -90
7 7 7
4

4
-15 -6 3.5
-90 0 -90
7 7 7
4

